The random numbers in this deck were dealt from a thoroughly-shuffled array of 10000 elements, originally
consisting of the integers 0 through 9999.  The shuffling was "managed"...  The numbers were segregated
into "parts".  Though the parts were shuffled with a high degree of random abandon, there were constraints
regarding which numbers were allowed to be in which "parts".  The constraints resulted in a random looking
yet special mix.  (Expect the usual "I saw two sevens together!" kind of comments.)  Here is what you get
with these numbers:

Each consecutive group of 100 numbers, if divided by 100, produces the remainder values 0-99, with no
repeats and no omissions.  Also, the numbers 0-99 are in a very random order.  You can see this
if you try to focus on the last two digits of the numbers in the first batch of 100.  You might
notice 62 or 77.  try to find another occurance of a given 2-digit "ending" in the entire first
paragraph. You can't.

Each consecutive group of 1000 numbers (10 of the "paragraphs", grouped together) , "modded" by 1000,
will give you 0-999.  No repeats.  No omissions.  Random looking order.

Taken as a whole, all 100 paragraphs form a set of 10,000 numbers.  These numbers do not repeat.
They cover the values 0-9999.  There are no omissions.  And, outside of "card-counting" techniques,
I challenge anyone to discover a non-random predictable pattern.  In any grouping or subset.

While you're here, do a text search for something like "03 " (include the space).  You will see there
is one 4-digit value ending in "03" in each 100-item paragraph.  Except the fourth one.  That one contains
the number "3", which serves as its "03".

3688 5618 5154 4863 6243 5926 5127 2984 3104 1185 6590 5839 5159 2730 7156 4593 7712 9095 3400  182 
6622 3041 9215 9755  208 7847 3925 7678 8142 8580 8672 2083 5476 5457  973 2936 6009 4207 5886 6574 
9597 1116 1505 1971 9464 8617 5735 4414 8646 7161 8598 1699  362 8077  245 4658 2360 6703 8821 9710 
3768 5029 2248 6624 7506 9819 2189 9853 3370  211  752 9737 3651 3866 4913 9794 9796 4492 1331 4838 
2923 7820 5269 8579  775  902 1232 3840 4428 8144 3781 3267 5949 5387 2765 7091 6750 4034 4733 1101 

4893 2587 5959 4288 7001 8602 9571 1158 4835 9203 1626 8389  792 8562 6277 5772 8880 3473 7064 5809 
8512 9524 3791  734 3931 4757 3998 5130 9797 9553 5141 3725 8443 9106 1774 9919  251 6463 6278 3552 
6027 9261 4911 8645 9669 2307 1086  513 6155 6315 2032 4318 1560 6665 5056 4747 8770 1150 5654 1585 
8421 1942 4637 8767 2429 7596 2338 7314 5690 6517 4822 1539 4481  320 8444 7176 3366 8600 4804 8594 
6340 3483 4146 5548 7982  510 7108 7684 5979 6305 4895 6016 7175 1136  368 2633 7599 6623 5049 2728 

7202 5991 9516 3343 4930 3503 1145 9371 1048 7333 3220  985 3369 9298 8894 7462  134 4097 8160 4878 
9051 6564 1454  592 3859 5436  356 7547 6388 4221 9317 6722 4013 3268 4963 8727 8705 4052 8372 1266 
5137 7242 1783 2523 9738 1111 1879 4118  615 6706 2474 7753 1831 7035 8584 9289 2246 1432 5495 2055 
4993 7575 5881 9904 5039 3382 1412 1609 2786 7225 5349 8526  970 5061 8129 3157 5228 9996 5399  319 
7607 9024 5487 7401 2677 8465 3508 6558 3650 5980  573  744 9240 8941 4090 1900 2167 7814 4876 6410 

7439 1054 7479 5224 5385 9302 1081 5914 1441 8170 8932 6128 9031 5760 4472 4994 8910 6621 7440 4588 
6311 5522 2542 9374 8720  107 7709 9113 5166 3833 5416  282 6591 7818 2776 8229 5968 8975 2143 1006 
3908 7367 7798 5825 6357 7105 1545 7704 4244   99 8256 6292 5190 3334 6149 8751 3480  353 5089 4763 
8662 9869 6447 3648 4661 8230 9627 2497 7364 9995   73 9619 6236 1635  683 5817 6037 7255 1515  152 
8193 8123 1965 8087 6346 7396  877 4284 4058 5000 3301    3 4438 5426 4486 7550 4178 5559 2471 7312 

5519 9005 6773 6249 5494 9420 5739 8330 1958 7082 8608 8131 2764 7611 7679 1183 6072 7766  670 9110 
1398 4897 9100  425 4921  642 7691 6226  177 2954 8656 7114 4862 8851 7071 6861 7653 4069 1601 9045 
4237  252 7567 3987 3122 9076 5347 7063 3799   68 8460 7241  135    4 4023 6813 8275 3944    2 2380 
  88 3212 5140 8632  990 5907 5446 1638 4074  509 3459 2329 9096 6555 8850 2103 2918  892 3828 5478 
6657 8285 6748 3981 3595 7184 9424  836 3834 8716 3715 8543 1286 6933  806 7327 6865 8489 9017 9293 

5974 2803 2125 8191 9493 6209 5614 3179 8423 2610  551 8641 5856 6502 1186 8659   66 1018  529 8816 
8187 6467 1449 4171 3915 3701 1265 9983 2475 5938   11 2272 6922 6554 8857 9668 8634 9824  832 2485 
6139 3033 3721 4899 1612 4540  448 3030 5162 1790 4381 4927 8746 3404 4180 6169 4631 3808 2589 9358 
5837 9742  219 9698 6582 2695  945 7050 6673 1726 2647 2092  484 2807 5778  676  605 2717 2652 4544 
7297 8655 6943 5206 8700 7294 4020 2060 8664  896  453 2736 3870 3935 1488 1713 7761 4777 8528 7563 

5168 5019 9953 8234 1411 3409   79 8197 4271 6238 9194 9199 6339 1731 9120 8043 8442 9800 5406 8681 
9521 6132 8070 8247 2636 4928 3740 6188 8022 3402 5616 6826 6829 7348 2461 2556 9692 6762 8274 7823 
2891 8059 6875 6952 9433 6537 7885   44 8214 9873 6858 7165 1805 3898 3546 2518 3403 9450 3290 1864 
 845 7951 6986 5466 5482  525 4967 2213 6769 9477   15 4827 5787 5376 6417 2724 2872 4341 4080 8257 
5012 4860  989 3795 9883 9749 9708 8078 1407 9163 3384 4754 4201 8604 8355 7630 8335  393 4010 3296 

9680 1988 3350 4843 6948 1644 9498 5210 8391 7504 3345 4153 9239 7287 5812 2916  501 2147  164 7040 
6093 6871 1174  961 1929  309 5759 7854 1231 5511  133 3281 7520 3028 2649 9172 6392  714 2386 9395 
4882 8456 2490 8279 8303 5276 6119 4306  273 4557 3527 4702 1496 3978 6468 3841 9530   67 2085 3451 
2577 9969 2270 6532 4536 8566 7300 6217    8 8452 9535 7697 2507  889  960 8046 2084 2675 9422 2937 
 538 4458 9094 3924  313 3121 9299 9934 9218 6365 3026 1815 6323 4325 4855 2342 4062 8363 3283 3905 

1906 1321 4689 6295 8946 9957 7962 9258 8112 7830 7344 3643 8427 7332 6810 5065 6047 3999 9198 8007 
5964 8782 9723 5629 7042 5852 7394 6291  917 1576 5308 3181 7884 5972  196 6280 1660 5667 8531  997 
3868 1445 6379 2888 5470 3151 8437 1541 7613 4377 7455 4685 2639 5124 8514 6625 2115 5173  578 8663 
2419 4254 6549 1383  250 5940 9405 5233 1036 8903  771 5418 6390 6192 1322 6434 7359 5326 1102 4361 
8711 6686 3253 2500 5956 9620 7328 1966 1148 1204 3793 1901 7109 2687 1569 2435 6216 6874 8038 6375 

5259 6310 2336 9671 6743 2756 4784 7920 7491 9235 2021 1408 5568 1603 6729 9561 5262 9075  719 6025 
4992 2694 5788 8950  581 7324 6053 7741 4263 3682 4534 8227 3628 4570 7260 7014 3138 4801 8785 5947 
4583  939 4758 3606 8415 4640 1976 9666 3789 8431 9413 5732 2316 7696 7780  718 4397  264 3977 5745 
9352  337 9802 3057 5811 9223 3846 9779 9195  373 7693  205 7890 1430 3909 6844 1842 6499  354 8586 
9887 4351 5707 1849 2126  955  912 5848 6378 4867 3674 2222 4565 8098 7304 7200 2533 7469 4572 7117 

7424 2710    0 6683 2796 6821 3980 7964 4384  704 3337 3265 7639   16  585 3713 2645 8486 8188 9922 
5656 1346 6491 2703  799 5894  738 6535 5057 5714 1833 9343 9809 1132 3218 6711 9205 3315  636 4644 
4793 4181 3855 9534  175 9923 5329 6453 1161 8867 8560 5340 7466 5189 3052 1997 2127 1342 3298 2392 
1119 4578 2668 7073 6202 7807 1830 1779 1806 2725 1012 6170 6726 2154  290 9874 7601 5871  131 6776 
1217 7949 8708 1550 8620  295 8163 3372 1051 7887 9269 5348  677 1358 1147 6228 8282 9762 1059 4141 

8420 2847 5178 8387 5731 8111 8673 7230 1497 3736 2907   25 4719 2621 9246 1845 9159 9929 3257 9365 
5093 7772 7090 8039 3037 5934 8014 5904  876  318  879 6561   71 4483 4932 6396 4324 9941  452 7405 
4791 2288 4901 3609 6028 9699 3589 9581 8155 8651  735 3863  377 1122 2408 7862 4468 6338    6 1503 
3285  323 4584 5013 3849 4200 2569 7858 3040 3312  280 8182 7966 6395 5827 1592 4253 9064 3786 2817 
6556 1050 3233 8510 8875 2967 3654 8742 6102 3970 8898 6915 7716  760 4826 5843 4174 5744 8194 9248 

7404  767 7465 3797 9250 8570 5664 1818 5423 1493 4099 9715 3011 9946 9089 6538 5648 4598 7729  394 
6482 4056 4974 5822  386 3478  263 2892 7568 7545 9391 8661 1647 9603 5196 1506 5362  940 9937 8495 
6942  531 5536 5072 1921 1113 6780 3439 1527 1310 2525 2509 8081 9130 4100 6814 6788 8120 5532 4390 
6076 3084 9083 9519 7908 9260 1017 5005 7802 9275  616 5177 2558 1351 5854 1834 7043  869 8753 5359 
 185 4771 8207 8273 2333 3655 1835 5566 8252 3724  828  844 4279 5801 7549 9326 4412 4857 5541 5987 

4690 5952 8698 1800 3950 1554 4245 1861 3573 8864 3294  241 6604  378 2685 3270  630 8682 1969 7740 
1307 9149 1588  422 6837  996 9489 8839  953 8416 9759 2943 6411 1605 2031 8477 3080 6658 4957 7721 
6766 1435 9851 5960  634 6438  920 9429 1546 3213  842 5925 3563 6297 8301 3972 5091 9002  109 1133 
5128 6775 9399 9718 1303  593 1523 2236 1948 3687 1567 9565  184 3955 8679 7183 8810 6168  906 6162 
3481 9608 3895 5944 6274 9356 5632 4919 4227 9517 5212 4924 4214 3115 9247 7086  671 1176  192 8126 

7098 8306  860 1781 6741 1352 2368 9577 2933 5044 9145 9070 8361  883 7053 3436  557 7507 4367 7900 
8231  965 4978 1347 5309 6518 1543 8139 8902 3146 4350 8548  789 7451 7737 5219 4916 1055 8888  579 
8180 2629  882  432 3993 6897 1795 8927 9492  522 2094 2575 5415  166 4140 2487 5286 4511 4559 3125 
8820 8108 8026 3035 1104 6314 5105  210 8999 4374 8838 9201   42 3249 6428 1903 4612 2958 9896 7434 
 662 1284 3691  369 7417 8564 8021 6024  271  463 9385 1190 6254 3530 9576 8956  272 8413 1373 5223 

8079 8009  447 7380 4370 6868 4850 4674 1473 9502 8635 4142 3287 2129 4831 7075 2328 1498 2038 8291 
4553 3930 7657 7878  308 2095 9124 3311 4267 6400 8613 7096 5954 3193 6739 3649 6562 9048 8555 7815 
4626 7914 4160 5836 6763 6264 2961  594 6989 4485  172 1066 8206 1112  571 4705 9292 8488 3551 5003 
2123 6884  701 5407 3646 3619 7418 1856 2320 9325 3433 3499 5441 5590  982 4304 4877 1717 1732 9652 
9816 1345  121 7476  144 3069 2643 8097 1459 6540 1334 5758 5186 4383 5681 5322 8665 4537 7427  410 

3678 3912 2401 2751 4063 4983 7650  156 6981 7419 1684 5187  226 3376 4909 8143 5261 7986 8574 5458 
 335 9618  694  167 3457 2754 8614 3049 5022 9036 2770 6221 7985 3152 7008 7768 8062 5216 8302 5153 
2148 1611 5688 3364 8597 1171 3490 1425 2355 9893 6103 2047 9624 2727 1899 7173 8117 4030 5582 6692 
1300 5596 2431 4939 1344 2813 7505 8628 5375 7460 6445 9023 4615 3995 2804 2238 3880 9998 9229 5640 
6237 4591 6542 6259 1007 1734 5479 6366 1606 7720 8733 1341 1689 3832 8610 6572 3077 1165  769 4446 

7085 6808  936 3455 4931 5209 7938 8599 2393 3926  349 2134 7979 9823 9092 8928 5158   60 3421 9642 
4663 8757 5748 4169 8472 4841  607 7881 8067 4388 4220 5765 1675 7266 7239 2484 3670 2602  695 1151 
5397 7054 6514 5110  747 3512 2722 5500 7787 4516 9653 7889 6430 1752 1994 9277 9773 1078  805 7627 
3443 5135 1444 2659 2913 8074 1029 2045 5840 7015 7471 8001 3456  583 3232 5580  398 2046 4268 8204 
6761 4203 2976 7118 4524 9033 8890 9686 1764 6150 5319 7296 4106 6191 9782 3225 5317 2437  462 3811 

5990 5587 6137  504 6544  709 1061 4547 8467 4798 4959  339  625 4730 2164  746 5872 9992 7403 1470 
7496  379 5935 8440 2693 9660 6448 9962 5743 7426   18 6450  707 4353 7363 7617 5700  494 8321 2819 
7778 1114 2951 9336 2586 3449 2305 2702  755 6669 5208 5520 4873 6354 5728 2641 1623 4242 1945  258 
8638 2331 2866 6010 9316 9082 4480 4533 5885 5197 4829 8068 8784 4195 7199 8513 4327 7552 8332 8622 
6712  357 4406 4991 6988 9389 7501 2281  824 9676 4283 2774  777 5475 4971 3234 7515 2065 3756 8911 

 745 9041 7977 2157 9469 7637  846 6464 7313 9918 2792 6371 1251   58 6381 1179 7019 4886 7262 7803 
5289 8848 4595 5136 3293 1004 9107 3667   87 7243 2723 6211 2790 6853 7256 1198 1947 6474 2870 5975 
6529 2749  224 4696 4088 4672 4116  783 4235  442 8963 7891  255 4865 6299 5859 7330 4910 6631 6461 
1794 7020 4360 5785 7852 4101 6526 4528 6539 2697 5454 1414 2244  968 9600 7521 8382 3222 2034 2027 
8750 6825 5706 4633 7276 2917 7973 9409 4240 1138 7680 1278 7032 8508 9402 5984 7215 5905 1666 8812 

 983 6559 6578 1154 7138 8177 2188 8243  174 9117 4294 8739 1730 4082 2755  587 2562 9547   29 4764 
3158 4081 7463 6927 1656 4003 8433  661 4124 8565 9342 4904 5280 9093 9509 4973  534  189 8916  700 
1952 7345 2010 6257 3405 2512 5467 2869 4346 5390 6802 5449 9622 4772 3599 3850 6021  692 1651 9844 
9419  697 7140 9123 9406 1520 4476 8018  798 2701 9631 3814 3107 2971 6015 4832 6253 9641 7525 7186 
  96 4884 1170 4868 3775 7513 6708 8891 4866 8411 4385 5637 6536   28 4295 9379 7235  526 5048 2760 

2530 5768 6877 7809  715  276 7145 8789 1725 5857 9434 3407 4426 3023 5211 1829 1292 9950 5046 7608 
6239 4655 4051 5043 5870 8094 4396 7667 7933 3386 4075 8313 9663 2902  949 2519 7824 2122 6210 2584 
4688 3317 9179 5752 5673  171 3120 1738  465 5006 2427 4314 8393 6361 5398 1935 7442 4228 6403 1431 
3883 1481  564 2260 7459 8032 6336 6118 2078  774 9837 2216 5144 3241  753 1991 9501 3766 6380 8072 
5962 3790 4104  954 4312 5400 3248 5558 3156 5221 9847 8469 5897   85  582 7399 1205  395 5740 1387 

2002 3438   50 3175 2963 3326 6918 1058 4787 2585 7767 3355 9486 2980 5876 6007 1461 3603  690 1668 
5749 9472 4011 6306 5998 9960 8934 8994 9974 6756 8836 5523 5462 8615 8464 9589 6783 5143 9353 2581 
3448 6710 6970 2644 6546  888 2354 9108 5366  795 8116 2259 8504  705 2896 1409 5237  827 9771 1792 
5447 1291 4912 3039 6899 7882 5325 7414 5777  340  341 3630  365 1557 5545 6293 1913 3169 4352 9500 
2617 3373 4184 9719 7535 2601  678 5722 2397 3733 4929 6121 8920 5932 9251  724 9042 4231 6079 3128 

6605 3750 2746 6382 9906 5704 4541 7873 5281 8763 8860  635 4736   31 6224 4907 6720 2594 2788 2493 
6895 4064  921 5517  810 1826 2061  574 3984 7113  229 4652 1301 5139 1277 1518 2089 2185 2522 5316 
1887 6840 5734 9037 4290 3878 6367 2554 7302 5528 5742 9125 1157 4338 7383 4947 3076 3886 1219 7614 
4055 5245 5649 7356 9670  572  930 6097 6412 1671 9344 9948 2111 2879 4498 1680 6796 8900 8468 8892 
5508 7658  532 8791  575 3965  803 5823 1566 4799 5327 7569 7751 5853 4362 9643 5059   33 4215 3209 

3142 5016 9510 3785 4975 2453 3105 5424 5861 4439 9359 8165  618 9550 4331  923 2017 5989 4126 5669 
8990 5378 6938 6014 2571 9364 3732 2811 3560 4946 4335 5267 6092 4182 4943 3540 4466 3894 5195 9484 
1686 6197 7357 5321 4148 4506 8083 9858 7880 1329 4609 3001 6098 1804 3273 5576 3020 6903 8849 6234 
7527 7968 3474 3445 1570 9852 9212 5807  502  115 9437 1822 8619 2591 9977 3330 6828 4579 6436 3008 
7713 5254 8047 6862 8199 9544 2187 3256 4941 8172 6425 3588 8893 8451 4255 7981 5263 6200  533 3196 

6632 2349 8101 9404 7283 8561 5816 2691 9628 5274 9741 7475 9602 5698 4296 6034 7497   45 9127 7213 
2087 7088 7159 1825 8095 1153 3703 5278 7137  856 7711  244 2992 9967 4543 8985 6770 7320 6531  957 
2417 1452 3800 2905 6222 8590 2773 9236  477 5838 5147 8168 4951 6999 7718 9284 4889 2909  515 3282 
4176 3363 4164 1748 1026 6069 3729 1040 5324 3458 8919  266  762  539 6471 3242 8754 7381 6612 7514 
 833 5672 3207 3694 4086 1679 5193 7610 8446 8765 3208  723   80 6460  450 5621 1855 7435 3106 7130 

9488 3470 8422 6480 2731 8310  784 8223 7443 8135 3917 3415 3881 4264 4269 4955 9049 3304 6100 3495 
1693  839 3997 6925 3166 8854 8090 7874 2761 8714 9418 1645 5368  440 8611   24 3358  202 8872 1162 
4109  289 2119 9842 8151 6194  659   91 9134  132 8683 3706 9867 9456 5779 4328  507 8226 1077 1392 
4238 6685 6275 6505 2552 6687 4041 7676 3371 2699 5203 9901 2198 4653 4573   13 6060 2178 8529 5657 
3012 9936 5821 7220  246 4808 1716 3063 5627 8065 4586 8596  633 3782 7350 8937 9648   30 5647 5444 

7863 7457 4110 9181 5252 2820  993 3022 1677 9758 5898 2478 1607 1851 1553 6423 9473 9801 7537  848 
9875 4191 3309 3305 6595 8103 4206 5864 5931 4834 9421 9265 9945 8871  482 6642 2940 3150 4786  524 
3261 8479 8859 7625 7492 9769 5288 7646 8370  813 7662  297 1776 7389 6830 2580  429 2285 9639 7067 
2915  549 3204  332 4066 6190 6684 7360  914  908 5155 7428 4218 8183 2516 8696 3911 2499 1227 6454 
3494 1372 2035 6268 9133 1374 8217 4812 8402 4926 5600 3743 9638  136 8944 2319 2987 1247 7841 2956 

9416 3819 3161 7511 4682 8953 5038 4995 3636 9623 7337 9057 8375 9430 4563 2759 3728 1555 3391 4806 
2660 4487 1577 3805  270 9388 2966 3322 7483 3074 5315 8747 3817 1279 3709 2986 4969 3420 1702 6818 
2233 5343 7084 1548   56 5099 2496 5167 2972 9726 8004  640 3712 9890  376 9910  225 9214 6180 9664 
1778 5073 9613 1681 7551 7489  441 2149  885 6593 3598 4794 2597 4721 4232 7942 3707 6650 1000  129 
8071 9924 5054 3408 3201 2062 5192 6568 1735 7503 3339 5958 8334 2131 4152 8845  865 9846 3027 3044 

6262 7307 1939 1737 8485 4432 9053 2036 6978 5323 8674 8298 1922 6996 9988 2163 4308 4490 5303 3624 
6976  604 4592  606 8377 4019 2347 2815 3173 5567 3744 3675 2070 5780  666 6318 9583 9052 6413 4258 
5230 8542  757 2299  928 9538 2959 3689 2369 4272 2286 9616 8005 5831 6717 4556 3961 6629 3626 6287 
5695 4665 1843 5333 8979 4311 9384 7793 2410 2654 1491 4114 5620 2521 5112 4348 9727 5634 6835 6300 
3271 9141 3745  240 9068 5250 9102 6982 2025 8249 6394 7781 5009 7146 9455 8797 4401 3964 9160 3351 

5635 6006 7190 4574 6296 4391 6458 5408 2492 8398 5860  157 5930 3949 6672 9677 3164 7163 7189 4059 
2827 4923 2619 5097 3937 2529 3585 7393 5369 9541 9022 8121 3247 7003 8031 6001 2979 8362  566 4954 
3720 3576 8024  788 9309 6250 7232 7925 8344 6104 2534  728 1768 8718 3280 8239 9682 5917 8213 2638 
8353 3465 4836 3794 8233 7899 7516 8995 2100 9514 8743 4273 2040 8587 9375 7905 6515 3851 4752 2810 
9111 5045 6767 3948 2071 7278 1402 7512 3446 3856 2942  481 2526 8307 6786 4684 4555  761 7470 7883 

 552 6173 7999 7886 7135 3887  505 8959 5955 1957 2081  841 2142 3577 2563 1289 1640 4464 4007 3632 
1537  823 3117 9138 3704 6820 3634 8366  927 4265 2109 3947 3197 8162 1348 7116 5249 7801 2192 2567 
7739 8084 3174 5903 2151 7046 6654 8210 7172 3700 9753  498 5783 1460 6078 6736 3321 1775 8318 3612 
7944  433 9193  713 4545 2670 9731 2195 2843   61   82 4025 8328 1091  629 7211 7702 2906 3068 9314 
6626 7094 8430 1276 7869 2388 3608 6896 6324 4922 1758  419 6985  215 6171 6950 8156 2990 9180 2179 

6181 1873 7092 1919  830 1229 1382 5689 7759 6432 4962 3406 2952  412 5064 6383 2861 9963 1817 6437 
4642 2548 5813 8270 8546 6227 8418 3060 9441 4520 6926 3754  974  110 9453 2476 8650 3631 7447 1225 
9938 3288 5757 6804 9187 3016 7185 2208 9098 8897 5551 4358 6302 4933 2835 1968 3994 7901 3656 7311 
7223  809 7093 4639 2400 8178 3671 7907 9380 6596 5490 5414 2921 7379  291 6140 1575 1549 1769  867 
4745 9015 2334 3986 9143 8965 5877 7228 2855 2384 7236 2666 4395 9305 7444 8124 2603 7699 3522 3772 

5298 7967 3336 5521 2283 5020 8075 6833  112 7940 3360 4871 9599 4643 4317 5604 7565 6928 2268 2277 
8558 6592 9335 4997 1096 9701 4113 4803 7593 4614 8345 6206 8648  530 4009 5773 6355 4657 8034 1146 
2290 8808 7722 5486 2161 3538 9866 7219 6659 4782 4462 8107 5525 1756 5605 2510 9572 7839 1350 7285 
8627 2852 5176 8895  847 7681 5502 9831 2494  741 2618 4378 4387 1924 7216 2079 3874 6251  588 2832 
5300 7049 6742 7480 7911 9584 9791 6337 2829 6723 5763 1844 6889   70 5364 4469 9615 6026 8853 8554 

9144 4894 1727 9019 2377 1568 3780 2099 4698 7373  256 7264 5279 7984 6586 3129 1037 1262 3214 6508 
1661 5313 7154 1746 5292 8367  812 8649  397 2857 1501 6811 4482 2842 6910 9645 5569 7218  859 7688 
1417 5709 9226 9828 5063 7372 7904  766 8915 1616  595 2721 7051 3332 9787 8240 9252 7122 1275 4755 
1224 1005 2491  330 2989 5207 5036 8133 2343 8738 1620 6765 3423 7539 8241 8748 5425 8076 4435 3602 
2090 2771 7431 3660 6781 1978 9170 7347 2553 6734 9685 4450 2274 8203  958  693 2483 8996 9506 2800 

5725 3065  445 1293  519 4115 4014 8308 6374 6147 6106 4183 9466 9891 8175 7799 1998 5409 5488 3058 
8668 4790 4301 1840 8429 8936 9221 2789 5217  862 7044 1248 6033 1137 5687 6913 8535 1561  451 5422 
6881 9272 6485 6730 1824 6457 7838 4105 6056 4564 3352 4455 5260   32 8712  396 4392 8882 4679 2503 
3411 3607 8041 4128 2973 5427  880 5846 2434 7826 2376  102 8000 1471 5770 3297 5077 5067  623 4463 
9443  849 5010 3653 7495 8054 4416 8669 8186 3394 9304  918 3784 9331 2120 1542  778 2039 4050 4359 

 641  303 2132 4467 2570 3073 3533 7686  898 6628 1089 8271 8169 7749 7647 3484 7158 7002 2325 9013 
8912 1440 4815 1235   62  821 1222 4601 1624 8030 4177 5879  261 7705 1316 9864 4550 3665 1085  108 
6399   57  972 1678 5774 1760 2729 1053 3237 9751 9531 7310  220 3717 4038 3583 6655 2914 6744 6956 
 404 6719 2200 3327 3139 3018 3159   52 2834 1975 7080 4606 6166  390 5694 9981 3454 6611 2696 5726 
1807 5793 8636  863 7792 6945 3048 7168 6497  188 4795 4042 1509 1487 3043 7123 9182 3776 7991 3246 

3389  528 8130 9908  711 2234 6987 3424 8969 8086 8935  371 3145 7690 9448 5762 5858 7349 5865 8507 
7523  667 8885 6281 5992 8621 8556 9513 3341 7819 7961 3695 7559 6560  893 9818 1339 3625 6609 6401 
4802 9282 6617 8966 7557 1674 4504 2136 4340 5943 6263 7750 5547  238 1875 2351 2532 1478 8333 1580 
6573 7194 9900 6320 5126 3029 3988 5346 5114 7797 4315 3579 6916 1410  977 7983 6212 5152 4976 9798 
5496 2527 2805 2472 7837 3255 7764 5884 8691 9242 2544 9403 8253 1970 7822 7499 8368 9706 5131  254 

7436 4589 5103 6385 4047 3365 8198 7845 3524 9322 7673  287 9004 6386 4027 5646 9872 1652 2707  931 
8356 3876  951 8461 9735 3244 9675 3929 2381 4449 6870 6160  338 3777 1740 8428 7017 5011 4008 8909 
1357 6125 8426 3518 6964 3230  971 3493 9266 1892 5243 9733 8284 2421  500 9306 7155 2613 5710 8878 
8012 9683 1479  468 9814 4594 8153 5680 6854 1323 4205 2199 5597 9848  591 5920 3737 2715 7201 6732 
6363 7258 4095 8267 9442 9150 8088  590 3562 7319 7941 2439 9074 1196  716 3134 9982 7259 2202 8069 

5312 7407 3127 2245 8960  610 7598 4452 7438 5993 1850 6644 1326 3055 7191  540 9165 7167 1724 1708 
3536 5796 4149 9868 1785 3269  329 7582 2779 9825 1571 6747 6902 2600 1692 1413 5946 7622  204 6697 
9932 1072 5662  473 1456 1118 9475 6543  286 5474  517  342 1083 3184 7578 5489 5663 5630 8035 2953 
3511 6939 1415 6231 9888  119  361 6477 7664  658 5459 7816 9980 8141 2934 3021 8028 2651 6581 3354 
3101  420 9148 7023 4257 8806 4087 6633 1209 5295 4299 4703 2676 2405 4714 8294 9370 6890 9066 8637 

8612  691 1297 3629 2230 8684 7261 4896 6541 7871 2795 8955 9080 9264 1282 8147 3078  358 9594 7192 
7866 8717 1332 7290 4477 9169 9859 4945  899 5440 2093 8349 6062 4111 1951 8218 8222 4821 6704 8148 
3272 8709  825 2273 5789 6785 9301 7906   65 8837 6843 5767 7674 8644 1079  146 1728 1252 8868 4039 
8434 8036 3600 8407 9542  387 6054 7626 1002 5631 8316  998 5463 9805 6153 6356 9008 8815 4423 8633 
8314 2876  275 3957 7103 5820 8813 5550 4470 1060 2583 3024 5638 7481 8119 8435 9427 1388 8886 6510 

5766 3419 1547 1049 7012 5350 8013 5291 1195 9783 8938  117 3199 8603 3565 2014 1354 3532 8527 9330 
5693 9394 5658 4329 6011 4202  598 6333 6608 7875 1931 7897 6405 2344 7589 3862 8676 9035 3163 3556 
5320 6940 1784 3416 9339 9504 1985  123 2536 1934 2559 2406 3086 6187 5345 5201 4241 2622 9610 8474 
 768 2996 4500 2726 9360  737 8577 8224 9178 6618  428 1188 9973 9415 9972 7509 3590 5651 4046 4161 
1642 5607 6057 8855 4748 5453 2464 3243 8781 3770 2352 1267 9369 8680 6182 4021 7292 9879  725 8671 

3659 7180 2828 7634 7317 9210 3067 5679 9341 5485 5307 6087 7655 3000 3544 8374 2881 4576 7193 5023 
2798 3773 3829 3412 7077  190  457 5214 9254 7338 5833 2515 9126  756 7850 9319 1484 6646 9348  242 
3236 1140 6075 6960 2232  831 4399 2501 9271 8152 8327 9637  221  186 5624 6462 6308 5804 3572 7543 
5703 2488 3113 9835 3663 1558 4753  864 7747  116 4905 5939 5118 8968 5794  489 7645 7865 6969 9482 
 611 5902 5606 6920 5391 3722 6109 1983 5692 4497  430 6749 8525 2396  751 8761 9695 8978 4970 6466 

 346 1458 6533 4727 3071 5592 5719 6144 9665 4347 5552 6120 9711 9826 1361 1124 2578  137 1476 4890 
1263 1318 3413 1097 7493 5702 6772 4505 3730 3869 5179 9417 5184 2664 1298 1621 5200 7181 3673 3262 
6675 8883 3734 7791 6122 3553 7104 1042 4699 2995  857 1701 9539 8494 4732 5403 5650 8082 2714 8296 
7166 1385 9449 3235 6856 4710 3154 9459 9231 4216 3809  941 2560 8689 3228 8051 8029 5512 1438 8980 
4848 7840 7208 8686 6787  367 4788 6223 4277 3506 7343 2445 1068 2174 4015 5270 2625 8455 2836 4707 

1143 2465 2623 1172 3056 9414 3971 9090 4569 6636 9570 2207 4310 4302 5225 1246  854 3967 1562 2982 
9964 2112 5715 2903 1573 6827 3818 3306 5708 1240 6963 9249 4741 9151 7616 2495 8287 3185 1305 8847 
6258  389 8379 9411 2022 5928 1961 1874 2630 5132 3668 6778 6045 2596 1893 1142 6286 5799  294 3975 
1100 3429 1959 1337 2877 3760 3921 1001 8735 6326 5081  913 9183 5720 9392 4017 1739 1750 7609   84 
 652 2324 1433 4053 7519 2276  288 3548 8480 2197 2191 6666 8538 9944 2098 5755  657 9204 3131 9834 

3259 5034 9574 7061 2615 3278 9156 1164 2546 7437 5976 7141 5540 7432 3907 3568  114  253 6919 5738 
 518 5026 3211  496 4031 6994 8475 4028 1295 5782  381 9933  492 6585 1688 6801 5806 5593 2309 9055 
2130 2808 6667 9563 7923 4158 7150 5335 2422 9647 4321 1025 6004 3398 7280 5370 4266 3816 8105  884 
1499 6700 8342 6145 5910 1954 7248 9757 7736 5452 2424 1744  779 7790 7486 7917 3460 9687 1213 1212 
2977   20 8251 5729 4402 2743 1239 4769 8397 8003 3362 8371 3765 3627 4189 2873  872 3383 8491 7649 

7160 1802 2450 6867 3927 8830 1010 5908 7069 8447 5849 1534 4580  653 8073 8052  986 9705 2468 8823 
1535  325 2456 7958 2863 1599 6557  628 9746 6372 2588 5595 1255 7932 8040 3070 4807 3662 1777 2713 
 364 9776 5887 3639 1984 3989 8844 5404 6924  948 9654 2537 1226 2382 9351 3274 9238 7366 6803 4083 
 793  733 5561 5997  601  106  209  311 5516 3217 3545  698 6819 7579 2165 8312 3892 3375 4441 5431 
7571 2378 4522 6420 4514 2894 4096 2443 8929 7990 9115 1359 3300 5685 4936 1121 6442 8991 4581 1418 

4363 9436 1745 7250 2898 4999 6444 6088  380 9408 1386 2357 9774 7909 3323 1641 4219 8006 4281 8289 
8852 4683 7059 6265 4234 2072 4139 2962 7353 2135 5066 6885 3914 1682 2858 3502  454  421 2549 6107 
2620  155 9038 9511 2203 8942 5716  401 4775 5377  567 9461 1490 4918 1587 8724 6331 5129 3091 3176 
7410 4694 9870 7133 5284 8269 2900  956  895 8315 1946 1812 9860 8092 8764 9605 7943 1797 1930 5471 
 740 2632 6426 1173 9528  851 6613 3368 4937 2517 2678  822 6947 3904 4479 9027 6393 6648  125 7196 

3005 9446 8981 5619 6661 3584 2838 6800 3752 5677 6136 4365 6888 8521 8842 5617   89 5101  754 4507 
4513 2922 9966 4102 4723 3635 2949  170  472 1376 9915 9355 5373 6229 8050 5256 1690 8759 4478 4260 
6303 8409 1127 3992 5526 4425 5285 3167 6498 8058 8582   37  299 3095 6064 4451 3032  304 2247 6530 
4810 9018 6233 1786 8134  916 8293 3575 9063 8814 2048 1531 6643 9780 3762  597 3845 3469 7279 7853 
5591  987 7706 2839 5712 5108 9841 3194 8157  283 7796 9811 8171 9168 8640 6520 6824 2974 1328 9044 

9162 6912 4880 6085 9889 6965 9244 5030 3758 7128 1670 1950 1742 1033 1721 7953 7861 1529  227 8473 
9656   41 9792 4198 4076  336 4566 4988 6094 6551 9554 6245 1508 7099 2763 2019  467 1911 4925 6110 
4602   43 3718 9047 6177 3555 9952 3681 9672 5882 9604 1206 8832 2175 6334 7074 3669 2524 6523 2395 
3009 8487 9268 3149 2614 4660  979 3697 7340 2237 8731 8016 8159  483 3313 1878 6891 1696 5205 8439 
9390 1926 8503 5220 2322 9564 8448 7400 2993 6771 4817  586 1257 4138 3007 8901 6215 9935 8384 8846 

3594 3170 9372 3842 2733 1312 5287 1964 1480 3002 7827 7271 9040 1406 5574 6332 7708 7149 9447 3913 
6350 5401 8730 7553 2289 4223 7821 5515  324 3982 1216  191  537 1390 6779 4386 8246 2595 1710  141 
 399  843 9961 8967 9673 6129 3966 4125 4344  668 4293 2303 4278 9476 4217 4818  460 6235 9188 3397 
4248 8265 4005 4938 5963  722 7284 5477 8792 6583 8907 4036 3900 9458 5798 4654 9752  269 8904  111 
9014 1228  619 9562 3239 7555 4085 6851  959 5109 6096  645 6857 8481 6731 5075 5456 1920 3934 4326 

5878 9880 9674 4693 9635 7742 7633 6081 4785  596 4687 9338 5554 3647 7602 1992 9582  113 7237 4859 
5115 5510 2631 8997 7148 1144 3839 1469 4906 9630 2243 3684 4914 9253 9308 5889 5824 1761 7672 1175 
4620 8205 6836 4676 8145 3329 1117 6983 2504 7398 4168 3879 3991  563 5899 7358 9021 6601  150 6725 
7056 5841 1751 3990 3422 1526 4162 7452 5727 7494 8064 6134 7723 1940 6112 9667 2528 8295  118 3349 
6407  455 1632 5157 2000  665 3319 6486 5909 3771 4316 6946 7277 6570 7066  388 8311 4560 1273 9503 

5142  206 4156   90 4558 4666 3133 8831 5924 3543 4549 7065 4972 3611 1362 4759 6046 6352 2680 6823 
9970 7126 2753 5461 2864 5084 9232 2793 8694  234 4436 4610 9104 2919 3475 6822  729 3867 4345 8877 
9813  612 7597   98 7078 6183 9185 6702 1028 1718 9207 1981 4805  739 8786 6130 6941 8695 3471 6421 
7368 7076 7738 6516 9763  699 8174 9748 9114 1403 3054  257 3017 2444 5301  296 2279 5791 2489 4800 
7425 7147 3640 3051 9573 5255 9927  637 5815 5969  835 9882 9987 2860 7508 3320 1650 9209 1092 2688 

2780 4166 4622 5797 9592 6745  435  925 3826 7572 2662 8215 7453 4965 6548 4061  550 8154 7577 4493 
3769 9949 8063 4646 1617 5996 9679 7675 7971 5586  712 5433 7536 8652 6639 3082 8323  431 5429 5008 
6589 1194 8459 7244 9318 3888 2885 1960 9428 1427 4767 8438 5120 9691 9856 1711 1103 6768  599 5334 
3943 8790 5395 5419 9902 3264 6709 9357  881  600 5251 9058 3087 1837 7976  140 4542 5701 8704 7532 
4274 3755 3507 3010 6705 5384 7641  424 6698 8616 7947 8670 6321 6214 6483 9373 5678 9713 6806 7930 

8404 8498 9097 3778 7420 1080 8692 4073 9003 2152 6377 4430 7448 1918 4222 5199  124 9381 4026 6391 
2854 1608 7811 8490 4495 6086 1669 5579 7041 2627 5439 8261 9167 4844 5106 1182 4989 5609 4233 5402 
4568  984 1863 5351 8317 1375 1070 3359 7164 7037 3245 3347 9942 3812 1905 5994 2766 6335  829 3396 
1814 3523 1828 6446 3783 2462 4743 4587 4765 3485 4501 3657 4853   34 3932 7055 2719 5916 6893 4700 
9876  213 6588  850 9060 1915 5171 3521 6958 2240 7656 1636   38  807 3525 2172 7374  249 8931 1910 

8449 4538 1593 1259  621 2101 1923 2624 9777 5442 7411 1552 1389 5356 4006 7107 8629  988 6519 9939 
2176  535 8998 1043 9241 5304 4950 7544 1747  169 1953 3903 3796 9720 3292 2734 9285 8484 5862 7928 
1280  866 4986  655 3108 6294 5922 4382 5102 7197 5575 3491 9340 3410 8432 2945  314 8348 8457 7268 
 327 8136 9363 8726 9454 5015 8505 9651 3083 5473 8281 3079 4517 1625 6364 3531 3974 2561 9387 4313 
6309 7018 2416 4546 4571 2365 3190 7912 1858 3872  999 1360 8533 8470 9895 7178 7500 6030 5937 3467 

4847  408 6146 6758 4623 9227 2957 6193 1973 5892 7682  443  506  781  686 1754 7717 8412 5095 4671 
2833 9634 1105 6322 3685 1009 8775 9161 6138 7004 5810 2598 3042 4830 9626  179 6225 1799 2201 1762 
4774 1787 5031 5367   72 1977 1464 3440  160 6721  370 5053 4016 2184 7868 9451 7413  750 8336  307 
4252 7566 4628 8376 6478 6569 4355 7590 2539 1697 5659 2341 1400 9803 7724 8732 2911  749  437 8019 
4948 9788 1035 3189 8802  315 6944 1956 1394 5514 5929 4820 6496 2463  545 5465 8618 2091 7980 5883 

2181 7728 4165 5736 2155 6059  300 1022 9518 8380 2414 7715 6266 5027 7450 5901 6131 7361 1220 8773 
5007 8870 4210 9297 6163 3541 4664 8576  871 7288 6968 6135 7045 6196  638 2409 6524 6032  417 9333 
 203 4840 6267 9644 8606 5383 1047 9192 5819 2887 4057 6789 6029 5951 9291 4230 9121 9894 1379 1211 
2890 1052 9012 1653 2013 4298 2137  158 2908 5275 5746 6869 6077 1993 4049 9716 3954 7282 8643 1139 
5434 8099 2605 6186 8760 5074 2848 9556 5795 5226 7502 1472  584 6242 4825  385 8023 3378 9062 6204 

6740  159 2441 4604 1707 9270  663 7648 1614 3418 2088  565 3258 3302 6353 4236  926  978 2346 8530 
1200 2482 4551 5247 6764 9649 6615  816 5737  392 6838 7468 4735  772 3143 8305 7703 4776 3025 5873 
4089 9817 2875 6690 5834  474 3331 8896 4071 8933 1283  706 5180 6660 4224 8132 9208 4756 3119 2557 
7529 1423 2128  497 6127 2001 8794 5198 3591 3393 8921 8861 1995 1955 8809 9585 4445 3050 1254 7784 
6067 8122  520 1852 5310 4286  466 4339  512 2262 2069 3177  499 2479 7744  613 4187  511 1581 2642 

1371 5306 5151  935 2886 6116 7770 8020 7299 8221 2153 7677 7024 3578 6782 8492  173 4567 1891  559 
7011 6757 6845 2033 3219 5094 1936 4044  343 9202 3110 2426 8212 5683 2658 5068 9522 1093 1330 7661 
 962 7048 8369 2366 6696 9681 2250 7354 9884 8100 8325  260 2985 8276 3487 3801 1979 7849 5832 1865 
 527 6689 4952 5337 4607 5290 4256 2741 1513 5229 6509 3263 7580 6123 4342  328 2564 6975  855 6603 
2540 6039  547 4874 7195 9917 1808 3897 6846 7714 5231 4405 6534 5272 8804 7415 7238 4488  218 4898 

5363 2379 6273 1485 3910  748 4837 5560 3616 3952 4651 7638 1065 2735 2628 8976 8277  181 8027 9704 
2007 2005 7995 2121 5718 6158 3936 1320 7745 1030 7433 2791 4900 8406 3517 7996 2797 3215 3178 6344 
4389 4372 6456 7270 2350 7162 1512 7683 2709  375 3325 2402 6774 9543 8824 5253 7157 3698 9032 4842 
7864 7022 6101 2394 5213 1269 9540  180 1023 6167 9587 8354 9131 3182 2141 9086 6490 6084 1368  403 
 493  826 9011 4749 8329 2108 3034 8192 6855 7588 4499 7171 9659 9761 2514 2939 6866 8419 7746 9747 

9905 7935 7390 4376 8417 3963 4585 5069 6074 6873 8913 5183 8250 9091 2889 9912 7895 2231 4600 8970 
6319 6977 7371 5239 4780 5123 3938 1256  147 9197 7142 8049 8559 5544  409 5014 3099 2448 8196  820 
9546 8272 2308 5236 6151 6252 9729 6892 4527 8625 6043 9661 8254 4958 2626  479 4953 5328 9578 5222 
8630 1466 8324 4888 9940 5082 6003 5611 8106 9537 7810 6133 4915 1904 5565 8545 6962 5601 6998 1884 
7257 1987 9607 5564 2332 7586 5802 4716 9767 2794 3081  168 1021 1618 3534 5041 1193 4060 9255 9975 

1556 6932 6440 9230 2520 2513 6795 4135 5145 1627 4404 9077 3144 3528 6048   92  759 8863 5983 8347 
 143 1860 3821 5382 7474 5814 8066 6068 8961 7619 3088 9410 9103 8346 1880 3815 4617 6599 6753 7896 
3854 2775 4173 9290 1933  800   39 5386 5570  536 9491 4429 2924 7531 5572 7309 5911  669 4508 8964 
4858 8518 6552 7671 5781 3751 8357 5623 4779 4737 1155    1 2750 3089 9878 6038 8685 8149 1967 4226 
5941 3342 6465 6807 7062 8093 9122 6984 3798 1876 8706 5125 8687 3902 3705 7994 7316 4334 5412 5697 

4373 2547 4845  384 4002 2008 5643 7898 1260 4575 6841 1163 4489 1468 5294 7758  139 1214 6882 7922 
8776 2223 4725 3229 6055 9378 6452 1519 5271 7918 7031 6185 1662 3291  903 9569  874 7072 8988 3610 
8801 2387 4613 1446 6397 7079 4349 8511 5557 4521 8515 6240  200 1551 9128 3605 4336 3804  444 8053 
8532 6727  438 3580 4496 1695 4920 1483 7870  459 5148 7461 2317 8424 9754 1881 3450  416 4712 7207 
5437 5835 6492 9865 6777 9426 1166 2067 1333 9286 9956 8109 7134 9806 9899 1530 2590 1393 5164  942 

2442 5636  887 1075 3198 4502 6567 7206 9789 2535 6834 4650 2432 4744 1268 2420 8209 1949 6307 6115 
9073 5923  486 5633 5577 1574 1639 4680 6817 7526   51  991 4190 1763 5116 7752 4292  708 7731 4554 
 672 9425 4766 5058 1199 5265 5682 1364 6500 7846 4861 9471 4188 8740 5119 9481 4243 6195 2812 1314 
 321 5529 2337 3203 8383 3696 6738 3593 9279 9830 5660 4762 3757 8741 6124 8827 1313  248 6422  897 
6584  228 1076 1156 1285 5355 4170 8401  278  259 3604 2969  310 4411 7805 3447 4194 9445 6218 6653 

3504 3497 7473 2955 9985 1201  980  305 7482 4839 9640 8189 9702 1428 4720 6606 7957 8338 5867 5460 
2968 3836 2576 1019 7522 1524 7542 7859 5175 2612  523 6083  796 1700 2235 2844  237 1772 1016 8352 
7632 3893 1494 6095 1315 3427 7833  946 2458 4330 5078 4407 6503 1714 2370 7926 3510 2579 5966 9061 
5829 4734 6951 7369 7756 3441 6488 3871 2684  808 9921 7931 3381 1811 4398 2999  247 8365  348 1063 
9462 7464 9990 5645 9377 1287 4413 6691 2374  853  992 6017 7950 2186 9025 4154 9009 4343 9849 6018 

3550 1857 8783 6602 8396 2454 8085 8972 7974 2029  721  516 9487  469  495 4668 6973 1663 5655 3677 
9234 3803 8138 2449 8478 9598 5890 7788 3614 5670 3435 2566 8299 6184 5451 5644 5982 3431 4045 7013 
4037 7127 6760 4204 5318 4000 7615 3658 7856 9262 9028 6679 9136 5232 7026 9311 5293  609 1648 6620 
3224 9112 5675 6664 8647 8822 8917 9694 7561 5971 6907 8986 9233 2159 9930 3710 3825 4246 7665 2541 
9006 8843   40 9739  281 3505 6208 7052 1676 5080 3823 8719 3353 8592 9591 7989 4597 1242 9367 2301 

3764 6594 6179 8828 2210 9840 6362 1629 6832 2284 2258  819 1327 3509 1868  475 4667 5792 1439 6289 
1249 5361 5553 3046 5331 3472 4742 9276 3622 3395 2212 1120  743 8755 6036  726 7341 7408 8506 7263 
7786 8769 6688  765 7033 2480 4297 7102 8947 7773 3699 8360 2004  130 5723 4681 9191 2251 2782 9693 
4624 9071 5603 9400 6852 9778 2785 5790 7937 3901 9621 2944 8945 9296 8225 3877  187 7298 5948 3838 
8713 5174 2356 4635 6883 4415 7111 9216 6050 9959 2118 9717 5666 2114 4107 2105 9470 7934 9657 2054 

9312 3885 8799 4172 1583 8539 2304 1391 9793 8211 9020 4457 5555 9862 5098  405 5771 8501 1809  436 
9595 1302 8161 7153 1589 4380 5090 5538 4132 4728 6637 5087 2467 5266 1894 8954 5784 5981 5847 4300 
 631 5978 5733 7707 7965 8056 1649 7351 8042  943 9129 1015 2241 2850 3392 4070 3979 2430 8906 7573 
1152 3477 1126 2818 5117 1221 8914 1024 3097 3059 4322 6345 6674 2140 8463 9176 5869 5264 3813 9596 
6848 7227 1244 9768 6525 1160 8110 6358  886  608 6219 4275 8146 7388 1703 6035 4323 4434 6282 4816 

4548 8549  423 5202 7335 4303 7205 5724 2925 2927  736 7652 3582  730 8044 5421 7558 7047 6507 2498 
2929 2169 5455  366 9997 3919 4150 2851 3642 6563 4094 2261 2057 3928 9274 3137 4722 4012 7306 3165 
9916 1715 9295 6908 4879 1872 8453 8414 2692 9245  891 4701  562 8654 8568 7100  732 1064 6641 6484 
2359 8581 9177  875 5283 3385 2340 8010 9678 3711  909 2418 8787  326 2280 2113 1673 5096 2104 1533 
7267 9993  217 7960  646 6831 6571 1399  476 9220 4443 3686  770 2689 6634 3238 9288 7339  656 9690 

3388 6972 4875 7456 8725 5165 1296 5311 3767 1862 7587 8033 1027  731 3100 9440 7370 4724  490 3843 
5341 5895 5851 2582 9154 4157 7036 9892 8466 1317 7286 4078 4819  894 3401   93 9984 4691 3513 8583 
9109 7635 4437 1099 1218 4460 2981 8104 1044 2706 6955   74 1658 2364 1902 8607 7685 6316   77 6342 
4129 5497 5950  415 2438 2859 8403  553  363 9228  952 9810  622 3968 5747 6671 9520 4630 4621 4634 
3514 2705 6473 6489 3361 1046 7848 4526 5539 1712  632  145 1723 3379 5076 2298 3180 7449 8869 6108 

6020 8987 2413 3641 1559 2655 6389 8758 5531 6070 1325 2682 5244 3206 4072  791 3277 5988 3661 8835 
6304 5803 7585 3516 3148 9294 7378 5957 3779 5227  347 4454  624 3742 6668 2826 6528 8164 9911  400 
1299 8201 1395  222 2663 6312 3953 1517 1986 5339 1665 2690  360 1683 4123 6580 1646  797 2814 6993 
2315 9237 6040 5507  834 3792 4167 2249 2802 5721 5769 3574 4673 2362 3250 7919 7209 7998  233 9566 
3581 5830 1510 3096 5652 9105 6656 7445 6575 1743 6284 4208 4032 4251 5071 3676 3529 8236 3318 1038 

5042 3759 8055 7785 1448 4371 2708 7087 6627 2653 3535 9480 6470 9558 5696 1736 6501 1813 8025  197 
7124 6161 8567 8778  910 6904 2321  703 1832 5365 9611 1189 8262 8045 3307 6839 5509  782  684 5866 
7698 3746 1288 2823 4751 1149 7030 7295 5756 5052 9200 2738  964 1474 9393 6205  817 7083 7879   81 
5599 8541 5786 1729 5392 9714 5344 9257 6090 7776 1168 4577 1720 8702 9775   26 3333 5615 5818 1637 
2269 3873 2106 2263 1243 9612   47 6031 6640 8519 9054 9050 5134 9722 7416 8260 3094 5491 3328 2572 

9146 7812 6431 8220 2398 3192 9463 2009 1889 3006  717 4442  418  391 2926 7097 8977  569 8971   49 
3399 9795 9505 9088 5764 8667 6066 1914 2310 5896  858 1450 9707 9854  929 4261 8184 1436 2882 4022 
8290  560 6279 2545 4647 9552 9855 7978 5573 1757 4130 6459 3132 6886 1281 3003 1885 2313 5004  937 
4119 5001 1338 7644 5493 5374 6451 2265 9994 4424 2883  153 3727 3141 3308 9821  680 5435 7876 1462 
3075 6600 5625 9548  239 1633 7570 2511 9772 1202  487 7034 8015 8216 6443 1340 4368 5156 3223 9928 

7606 4590 9267 5191 3417 1796 7329 4420 5534 8697 9609 3377 3187 7628 8752 4704 2718 6376 6402 7794 
2162 8343 1335 6850 1525 5268 3479 7240 2837 8623 6966 5915 8547 3155 6880 3172 7188 2799 1274   10 
2016 8500 4711 7136 4770  214 4357 7924 8771  101  508 1241  198 3492 4864 6419 9059 5185 4212 5753 
 648 2446  103 7422 6142 7421 6678 9838 1982  995 9827 1733 9586 9863 5584 9689 8805 7860 2932 6693 
1056 1169 1349  639 3807 2931 7326 8675  461 8983 9213 8881 1073 2144 2358 7945 6651 1465 3430  554 

 478 8057 7530 7997 7969 9515 8544 9512 8677 3496 7564 2732 6439 8408 9280 2217 1014 2293 8258 7221 
5750 3303 6959 8540 6735 7210 8137 1098 6527 7595 9861 5381 1643 2255 3486 4091 1963 9211 9790 7556 
4619 9300 5133 1820  938  804 3171 6013 4979 1405 1207 3788 5874 2946 6406  322 1565 6992 9467 5051 
8734 5428  602 2716 5562 4618 1482 2375 4870 7701 7384 9909 1253 5549 8989 3985 6494   48 9629 8768 
7441 9954 1631 7323 9287 3266 5242 8745 3847  383 8973 7125 4636 3252 9224 7726 9999 6276 6872  660 

7060 7143 9334 6327 3592 6506 1594 5578 9397 5021 7533 4828 2404 3601 9039 5518  890 3942 8471 7659 
6002 1084 7231 9452 6816   63 7666  687 9523 4773 7970 5305 6199  407 1836 3348 3367  679  589 8949 
7110 1664 7095 3062 6082 4175  944 2225 6793 5761 4638 2681 4447 3822 5113 6472 1324 9256 7829 4603 
7120 3019 3645 8114 4608 4891 3774 7857 9730 2912 3426 2846 2058 8017   35 2041 1309 6815 7254 1798 
6065 3488 9650 8232 5396 8176 5111 1780 9468 5085 9740 2700 2037 4453 7386 8777 6369 1355 4783 9551 

5353 3444  555 3941 6715  933 4605 2991 9781 5808 3996 9495 6089 4354  543 6906 4067 5394 7247 3432 
3916 8278  620 3434 9345 4713 2117 7152 2975 3958 5868 7576  193 7825 8557 8688 2423 7409 8550 4029 
5524 3064 4121 9079 5380 8011 9273 9765 5092 6598 6301 2871  235 7139 2674 2831 3414 6887 6936 6126 
7204 4282 9190 2219 1522 7007 1069 7538 6670 8563 6961 3537  427 7477 1897   12 2385 8948 4018 8766 
5246 6203 2672 3960 8359 5610 1749  840 9499 9951 2330 4686 7956 7642 6900 1128 8762 7484 8502 9283 

7028 2853 5845 6695 8918 1230 4856 5542 6878 2043 4186 9346  127 8744 4616 5332 4337 5411 9000 6429 
8390 4285  654 8899 2809 3387 3922 7115 5194 3160 3498 9617  967  183  352 7275 4433 1306 8319 8841 
8061 6005 9147 5314 1159 6980 2302 5248 7921 3425 9174 5571 9140 9350 4824 4291 2657 6755 9412 6351 
6023 8158 5238 4739 2372 3464 2801 5297 8292 8373 5469  163 7382 6476 3289 9784 9907 8710 1234 4649 
5481 1504 5626 8865 2177 5888 7179 4196 9568 6935 5170 1366 6662 9536 4908 9320 5613 4903 7131 5893 

6008 6849 5215 1604 9709  485 4270 7669 3920 7226 2965 4356 2086 6455 4229  947 1272 6475 8833 4811 
2748  122 2867 5754 9593 8173  138 6923 9913 5927 7844 1898 3787 2737 8884 6990 7789 2806 3692  561 
 503 2102  178 7112 4410 6699 6930 9943 9118 8264 6842 1521 4934 1532 9259 8245 1741 1925 8591 9457 
3116 5150 5107 5024 1596 1694 6597 3763 6917 1336 1271  852 5483 7331  614 8458 4760 4068 3962 8195 
9728 9135 8974 8800 7151 2166 5181 3976   53 9579  905 2080 1719 5182 4940  901  546 7877 8939 8588 

5805 1223 1667 1841 8202 6751 9688 9724 4525 9307 2264 2455 9101 8553 2656 1932 2291 9926 9099 4885 
8958 6681 6479 3570  439 2278 2466 1771 3380 4287 9529 1996 1944  446 9545 7948 2011 3969 8819 2252 
2720 8795 2698 5800  316 7222 4627 2076 7808 7893 6414 4465  292  763 2821 3038 3889 6577 7760   36 
 568 3735 8337 5686 1883 3462 3890 4484 8331 4103 9843 2015 4917 8834 7510 6328 7273 9175   59 1882 
4033 5506 1704 5594 2030 3442 5047 4761 5149 2297 8150 7640 7813 1974 1109 8572 4854 7518 9812 1657 

7651 4872 6148  402  298 5977  919 8309 2469 4199 1847  464  727 4040  165 9732  126  293 2266 7695 
3983 7016 3571  154 4982 8080 1597 2574 9549 8235 1443 1184 9750 9646 6901 1131 9444 9496 5257 3118 
7352  785 3123 7224 1039 6256 5503 3286 3314 6979 9361 3741 6159 7867 8737 2481 7025 1090 7804 6638 
9315 8517 6860 6000 8394  907 4833  576 2020 1628 5468 7612 3810 7021 5775 3973 2345  742 7458   78 
7187 2211 6663 1888 7636 9770 3613 9655 7006 4108 1429 1434 2762 3453 6230 5389 7591 4792  105 8722 

3559 3618 3254 4960 3335 9712 9084 4143 7668 9376 8524 8351 8516 8497 1141  689 6114 2769 1419 2390 
2407 2271 6061 5986 5588 4262 8037 7467 9327 2139 6953 8364 5163 8185 9736 4393  675 5842 4494 2648 
7217 6404 4147 8378 2665 1500  873 7010 1420 8796 8483 4892 5234 1087  195 1972 9225 8728 4670   55 
6330 4440 3344 8509 2938 3566 5299  758  302 7057 9832 8826  801 1181 7929 5122 3946 6408 8552 2711 
7782 7198  649 4677 2391 9431 1215 8445 9756 9474 5121 2505 3923 2003 6713 7806 4133 2050 9580 8179 

4117 1210  673 2428  268 3719 4491 8779 1765 6863 2183  814 7289 2204 1582 2194 2051  456 2145 8723 
4611 5296 6701   95 6752 9532 1602 2531 2978 4461 2460 5498 4539 5850 7621 7322 6707 7385 7592 3112 
3824 7927 1767 8200 1237 6949 1755 1706 3940 5543 2970  644 5086 5062 8829 5358 8493 9081 9153 1709 
8905 6415 3716 6547 7174 7733 4530 6759  277 1846   64 8320 8626 5776 2988  934 6348 4984 2935 5999 
2242 5936 1457 1838 9166 8341  603 2608 4213 4369 2018 1071 7487 7725 4980 6997 5172 9490 3554 3875 

9822 1381 1507 1115 7253 9633 6359 1579 5161 5585 6246 5410 6914 6619 1032 2551 8658 3865 2193 7430 
1135 8128 6012 7540 1823 2634 2573 6201 8575 6325 9560 4305   83 6784 8263 6754 8388 2239 5906 7308 
7992  470 7955 4417 2669 1916 1094 9845 5342  100 4209 3690  374  471 8096 2082 5450   97 9989 7336 
7472 4629 1437 2768 5104 6178 1421 9164  556 3276 7631 3124 6044 7777 1495 9398 8248 2220 2311 4562 
9347 2757 9743 4418 9799 6049 5413 8441 8127 9438 6652  802 3586 8280 2026 1687 6791 1803 1367 4366 

9368 7700  243  236  861 4151 5642   23 1396 7177 9567 6063 1859 7170 5676 4403 3279 8190 5653 4956 
8534 8774  285 1304 1250 4738 7005 3102 4333 8788 1365 3092 3340 4726 2744 2160 5017 2110  548 9007 
9606 6512 8091 8125 8866 3587 7182 4473 3275 2052 8729 1208 9886 7362 7245 5357 6911 3520 6746 9072 
   9 3564 8749 3013 5995 8678 3221 7624 1941 5589 7835 2928 4981 2214 9171 5880 5258 8699 4731 3501 
2218 2637 1584 5855   19 4197 4869 3939 6694 7730 5354 4998 2447 3216 4632 3693   27 3515 5583 8922 

 120 8386 2538 6550 6409 3945 9898 8876 5891 7783 9931 9903 9614 7910 9158 6207 8255 8113 3702  232 
7068 1773 7169 2679 9734 8060 1600 3848 9157 4849 3827 3295 2075 3284  674 3526 6794 3708 4136 8962 
3346 2053 3933  818 5504 6244 4422 6270 1659  963 9971 1401 5912 1789 6565 4887  811 3140 1041 2206 
1590 1654  643 8993 5035  382 5537 7119 3205 6152 1630 4625 9877 9085 5492 9116 4561 9056 9029  480 
4964 8924 2599 9281 3066 5639 5967 8228 4778  521 9142 1397 2947 3623 2772 3615  317 5088 4596 1451 

4966 3489 9132 7375  274 6522 3753 5527 8856 6645 1870  787 4459 1416  780 1685 2661 6329  696  312 
1595 3260 2138 9697 8499 7851 9067  350 8300 3820 1943 9965 1191 4718 7581 1106 6864 5372 6373 1563 
6269  904 8425 8840 7478 5828 7423 1192 6610 4942 4249 7355 1290 9313 9435 6111 7817 1377 3739 2671 
7915 4144 4968 3452 6957 6809 4134 1908 2433 6879 9001 9976 3130 3747 8048 9321 8283 1031 2593 1705 
3837 6058 6384 5241 1502  786 1424 9303 2607   14 6894 8454 3482 5598 5146 2436 6288 4319 4662 2226 

5921 4535 6370 3951 8395  558 5961 6073 2609 4400 4093 4475 5546  212 3240 1233 3680 2074 9189 7692 
1034  950 2486 3683 3476 1511 4043 8167 2371 5641  617 6449 2077 2028 1990 2899 8002 9807 1536 2745 
2868 4985 9601 2318  664 7265 6798 4155 2339 9920 3227 7710  514 8238 6937 3231  162 6042 8703 3748 
7954 9881 9324 8660  647 1363 4079 8259 2282 6797 8405 5844 3896 5513 6387 4332 8930 2884 1691 2294 
8715 3557  306 2156 6272 9925 1008 8569 2604 4523 2326 1353 8952  488 7229 1816 8219 5622 8666 1578 

 994 7251 6427 4717 1871 9721 1528 9323 9857 1203 9897 4247 6349   54 7070 3004 2411 4852 8825 9533 
2267 2895  426 9173 3519 5913 8399 3831 6360 3672 9836 3463 3918 8089 5900 1261 1343  544 9485 7301 
2107 8392  176 2024 2874 9555 1909 1129 6022 3098 1853 7334 9065 3356 1793 9196 7620  764 2862 7605 
2180 9432 7541 1477 8858 9684 2508 3186 4379 7902 2781 3045 9815 6714 3830 5188 1766 2412  650 5338 
5448 4137 7406 2168 4740 6682 4987 2383 3959  878   46  790 6635 6991 7975 3310 3542 9069 2616 1839 

8208 5530 1538 3899 2451 3047 8701 8957 8286 7687 5032 3644 5055 3906 2063 5612 5445 7748 6614 1197 
1622 3183 2224 5472 1867 4421 4280 6676 1404 9278 4131 5040 1895 9525 9439 3202 9328 2173 7762 2568 
 577  815 3726 4518  975 7554 4471 4990 1074 4656 7027 2550 3103 1917  434 1698 7546 4159 7081 2296 
7765 1610 6261 7009 8736  491 8879 9885 6435 5160 1258 6469 8400 1770 4193 4320 6213 5505 2116 1011 
1319 6143 2742 9766  682 1384 9349 5933 3053  541 7488 1937 8523 7952 8589 9494 7129 3864 8992 8807 

7694 6898 9507  345 2457 3153 9337 7376 8297 9636 6792 7318  414 2124 3835 6368 8166 7779 4163 4001 
2042 6154 7058 2565 2640 5443 9046 9329 4599 2856 5352 7988 7038 4084 5973 4715 6347 6511 1067 5302 
6271  148 6164 2227 2783 3031  359 3596 9186 6290 3561 5282 9139 5169 5608 4789 2275 2150 7574 1123 
2470 2825 8926 1544 2295  449 5060 6051 3621 3093 2712 4185 3109 5581 6677 7391 3617 7719 2920 7305 
5730 2228  900 7303 4706 2878 7755 1672 8780 8462 6232 6313 6241 1110 2904 8522 1134 9087 7916 5533 

6165 5556 3072 3168 9833 7293 5705 3549 9152 2006 8244   17 4225 3860 4448 3466 1426 1245 7771 4669 
6285 3251 2473  688 9850 1187  911 5684 2399 1586 1380 4375 2440 5070 5661 4515 6607 5002 5674 5277 
8721 3428 9383 3162 1598 2363 3500 1896 6495 4823 4179 1294 7855 4509 4531 4276 2897 8181 6157 8601 
9958 5713 1827 5464 9559 8690 9310  142 2312 6737 7039 4692 5535 4708 8803 1819 9243 6091 2830 4678 
4529 8304 3014 2353 9632 1447 5138 7454 7946 6416 7689 2841 8520 6718 7234 7936 7524 4122 9382 6967 

7732 3620 7106 8585 7939 6317 8237 4444 6156 3664 7246 1442 1890 5699 4881 6041 5079 2960   69 3861 
1962 8118 6255 4512 1788 7775  207 2335 5033 1180 6724 2229 2459 5438 3147 3015 9871 9991 2930 8593 
6176 6805 4289  411 6954 7402 2023  284 1178 2425  351 9016 5919 1095 5563 2686 8874 3749 6728 2348 
7583  966 2253 7894 5665 8410 8482 2403 4709 8140 7387 8008 2650 1013 2327 7397 2196 1270 2314 8631 
3857 7377  868 2822 9026 3136 6298 7272 9745 7252 6921 7800 5501 1634 4092 7843 2758 8573 5204 2367 

8450  355 9401 2543 8476 6433 9700 1020 4977 7325 1854 2704 7795 6080 3126 4746 8982 7269 6790 9460 
1453 6141 8578 3461 5965 1130 5918 5691 4659 7892 7498 5711 1475 7663 2840 4024 7548 7594 7832 5751 
 702 5336 7485 9588 2056 4408 4307  128 5945 5484  627 9986 4035 7757 2849 4797 6647 6105 8887 2073 
7562 8242 9764 5083 4112  231 7774 8693 4813 2506 2767 8889 9839 3666 9979 3723 8268 5037 6716 9222 
3114 1821 2170 7281 3558 9744 3652 9034 1615 2910 4809 1999  372 5371 6117 9829 4419 9396 7203  838 

1886 3085 1455 1938 6487  230 4519 7600 8793 9625 1989 3374 2994 7959 7604 6649 7629 2205 2477 5379 
1082 7517 8642 3539 2221 3390 7618  161 1062 4145 8798 7913 3547 1167 2292 4127 3637 4250  870 3195 
7623 1928 3468 9978 4532 2683 5875 9497 9354 6812 3111 2784 7346  344 8326 1088 4902 2635 9808  458 
3633 6876 3853 7560  580 7903 6424  406  720 6971 6616 1107  651 8266 7872 1791 9010 4409 6248  265 
8873 2901 6052 7643 4431 4641 9696 8115  199 1422  334 7769 2257 1463 8940 2064  681 1514 4456 3036 

4259 4846 5717  413 2502 1801 7214 2066 2171 8639 7089 3188 2044 5741 2373 2777 2964 1311 9137 4098 
8818 4645 5025 2606 6283 9184 2361 4394 9760 1927 3891 6343 5100  932  626 1003 9590 6931 2950 3210 
6995 8657 4729 3738  776 7412 7993 8381 7670 7121 9479 6019 1848 6174 7963 2452 2865 3882 2880 7534 
5985 2667 9423 7342 9786  915 6847 1540 2158 2256 5420 4675 6799 8707 6587 1572 2824 6504 8436 9508 
 333 7392 9478 4996 8951 2068 9030 5405 7654 9955 7828 4309 4935 1722 2049  216 9362  969 2997 5953 

6733 1613 9483 2948 3437 4364 7888 2611 3714 3679 6220 4944 7836 8595 8984 1125 7972   76 4750 2306 
3061 2592 7603 3090 9078 2646 2893   86   22 4004    5 5330 8923 1467   21 8624 3135 7734 2998 1108 
4427   75 3316  794 4065 9119 1238    7 1369 4851 8358 1759 7528  301 4781 6099 7132 7274 9526 9557 
7212 6680 7029 3731 9785 1489  710 6071  773 9366 8496 8653 8943 3191 2747 6418 9662 7987 9155  570 
4054 3200 2739 6441 2209 3956 2415 4768 2740 8102 2097 6260 2845 3852 7763  542 4949 1877 2182 9217 

8811 6929 8605 8756 5050 4048  151 6934  924 2012 7735  279 5432  262 1264 1866  976 3597 9804 1370 
7490 4552 4796  922 3226 5430 6513 1516 1057 7743 5417 8288  837 5602 8772 9968 4961 1308 5499 8340 
3567 1591 9658 3844 4814 1236 9725 6398 4239   94 1980 7842 7754 2941 1907 4503 7831 1753 2300 7101 
5273 1655 7584 5360 6493 5671 4077 1782 5218 3638 2059 2983 1486 9820 5863 5028 7365 6909 2787 7315 
9575  685 4192 2389 4474 9947 1810 2133  223 7321  149 4695 6481 2146 1045 1869 1378 9527 1619 9206 

5480 6247 7834 6198 7000 8350 3802 5240 3324 5970 2254 5388  194 6545 3357 6189 5018 8862 6175 4883 
8385 1177 2673 7429 7446 5628 8571 1912 8322 2190 9386 1564 3338 2096 5235 5668 8339 9219 7249 3884 
4510  981 7395 3761 6521 8908  201 2323 4582 8536 9914 8925 6172 7144 9332 9043 6566 6113 2215 4211 
3569 9407 4120 4697 7727 5826 6579  104 1356 2555 9465 6630 5942 7291 2816 8817 5393  267 7233 8609 
3299 6576 2752 6341 2287 9263 8537 6905 3806 8551 6974 4648  331 1492 7660 6553 9703 3858 6859 2778 

